"V1" "V2" "V3" "V4" "V5" "V6" "V7" "V8" "V9" "V10" "V11" "V12" "V13" "V14" "V15" "V16"
"2" NA 0.144659299850464 0.11903011365377 0.554080651852205 NA NA NA 0.0206782464846981 0.0345045600557406 NA 0.580675795729559 0.7287 0.2713 0.319 0.451 0.125774694000262
"3" NA NA 0.0393037619314992 NA NA 0.6603011 0.0295463479769019 0.464073153124248 0.94994795019191 0.235709677083739 0.474773401780701 0.5518 0.4482 0.516 0.886 0.311406069503489
"4" 0.0148734647699569 NA 0.224671532846715 0.532144758958765 NA NA 0.179242055851896 0.281569343065693 0.0880663849491778 0.244388060664403 0.42857299270073 0.4162 0.5838 0.932 0.955 0.732417953132526
"5" NA NA 0.0595744680851064 NA NA NA NA 0.340425531914894 NA NA 0.44468085106383 0.1539 0.8461 0.999 0.999 NA
"7" NA NA 0.00448564593301435 NA 0.0086559 NA 0.000969070800104919 0.0385885167464115 NA 0.0429073482981128 0.0457296650717703 0.142 0.858 0.976 0.98 NA
"8" 0.0900819985271696 0.147170600891113 0.143238729998648 0.657620528548427 NA NA 0.0587894641660726 0.0990685828500853 0.0261132807121839 0.254377148010542 0.543357121193851 0.0811 0.9189 0.964 0.962 0.278739642824823
"9" 0.0527427739363081 0.0936711978912354 0.157182999648753 0.547409779216012 0.0025069 NA 0.275134102737687 0.116613979627678 0.064197010187569 0.25135513167593 0.590477695820162 0.3744 0.6256 0.895 0.962 0.813192983117174
"11" 0.001 NA 0.0909090909090909 0.78820023042017 NA NA NA 0.222727272727273 0.001 NA 0.204545454545455 0.7661 0.2339 NA NA NA
"12" 0.135130644616485 0.139000997543335 0.0611236218320034 0.730665867128986 NA NA 0.0255310658706228 0.162387566223657 0.268644158232804 0.268622573926294 0.52883771787095 0.1045 0.8955 0.999 0.999 NA
"13" 0.133529676802673 0.104832096099854 0.163796759691238 0.707315485930579 0.0307181 NA 0.128697461721234 0.468838990342086 0.0196798511012965 0.468465769710056 0.328902245434606 0.3397 0.6603 0.999 0.999 NA
"14" 0.0253386968097242 0.0737547016143799 0.233054691941981 0.422772138832738 0.0022244 0.9978899 0.00783595860871134 0.137836758888499 0.870231355170996 0.247887090842221 0.577005431692535 0.4511 0.549 0.893 0.916 0.257905141786695
"15" 0.0349174225038223 NA 0.467289719626168 0.436773621989663 NA 0.6156973 NA 0.107476635514019 5.38780496170487e-05 NA 0.791666666666667 0.8764 0.1236 0.48 0.438 0.203376371748985
"16" 0.130228735261069 0.119723901748657 0.269815059445178 0.770095018317745 0.0245668 NA 0.179537816590974 0.225693527080581 0.0837026304275963 0.419981377072837 0.439663143989432 0.021 0.979 0.995 0.995 NA
"17" 0.00940595798366283 0.22227710723877 0.239446612273856 0.510835137582047 NA NA 0.001 0.382316424263923 0.0372517009591684 NA 0.332564739269244 0.5561 0.444 0.197 0.356 0.2579156041956
"18" 0.0498216283556534 0.193681106567383 0.219298245614035 0.452053514899413 NA 0.345994 NA 0.195540935672515 0.00029129375066104 0.140008458163467 0.442251461988304 0.6931 0.3069 0.197 0.504 0.240095714917607
"19" NA NA 0.589152646539141 0.564586809198697 NA NA 0.00178927964542102 0.10977951909042 NA 0.0900588546447551 0.69900898824614 0.6497 0.3504 0.606 0.577 0.18599892806169
"20" 0.0764851304816188 NA 0.321112748710391 0.675789633309898 0.0095657 NA 0.269338554797184 0.352155490051584 0.0905919707167197 0.278517856168864 0.458456153279293 0.2573 0.7427 0.86 0.868 0.798767348044939
"21" 0.00959230358182562 0.0794050979614258 0.0207522697795071 NA NA NA 0.001 0.00778210116731518 0.503507971072979 NA 0.111543450064851 0.1117 0.8884 0.992 0.992 NA
"22" 0.001 NA 0.00799200799200799 NA NA NA NA 0.514485514485514 0.001 0.193620397560425 0.013986013986014 0.1705 0.8295 0.92 0.92 NA
"23" 0.0281892446777082 NA 0.1974609375 0.642580406097798 0.0021897 NA 0.0652363852388699 0.4267578125 0.0680864895791546 0.369980020354017 0.422265625 0.6006 0.3994 0.948 0.989 0.797991441721353
"24" 0.0431492004392697 0.124066696166992 0.279434231925484 0.55958508506542 0.0051672 NA 0.000412235189438072 0.425484204819871 0.289159441023427 0.28110499205426 0.425410280419891 0.2295 0.7705 0.943 0.941 0.727363668315103
"25" 0.001 0.209155406951904 0.0341955282770715 0.710628384751102 NA NA NA 0.598991670320035 0.0680222242332107 NA 0.0701446733888645 0.5616 0.4385 0.905 0.935 0.816692777440605
"27" 0.0645954348653178 0.168421001434326 0.0412858857195606 0.553937157407919 NA NA 0.0233800081306112 0.505529400904643 0.503950687871474 NA 0.34805224776147 0.3109 0.6891 0.503 0.608 0.298363857856341
"28" 0.123050408206255 NA 0.0957354148171722 0.733049765947018 NA 0.9172943 0.124597584378954 0.59048783581036 0.0726504448912215 0.365893636123525 0.338100342899258 0.1407 0.8593 0.828 0.88 0.313022747833557
"29" 0.183473962141714 0.141647396087646 0.255813953488372 NA NA NA NA 0.146511627906977 0.0556483939265343 NA 0.325581395348837 0.6859 0.3142 0.962 0.962 NA
"30" 0.179347038278051 0.0998591041564941 0.0094876660341556 0.415069817148235 NA NA 4.83966771741855e-05 0.721062618595825 0.929798092278354 NA 0.0273244781783681 0.225 0.7751 NA NA NA
"31" NA 0.17030309677124 0.0262874832751791 0.41399571451465 NA NA NA 0.722756250491907 NA NA 0.137891229635071 0.6062 0.3938 0.504 0.779 0.999
"32" 0.00632127017810574 NA 0.0070403896035149 NA NA NA 3.16580576382795e-05 0.191272740105518 0.0038326427016107 NA 0.458789899952358 0.4229 0.5771 0.634 0.785 0.151203629744544
"33" NA NA 0.0288933834151979 0.411027719663331 NA NA NA 0.355870172397188 0.00011315873618561 NA 0.0815435487495586 0.5967 0.4033 0.218 0.436 0.438244578322947
"34" 0.138318954280315 NA 0.050602022761288 NA NA NA 0.225399165630939 0.381666705155655 0.213206587626246 0.171703354105064 0.0717610691581139 0.1799 0.8201 0.998 0.999 NA
"36" 0.268380552233992 0.155263204574585 0.101275432736107 NA NA NA 0.435660086456551 0.317339811721834 0.0134289002565861 0.174239639213674 0.385337584775787 0.2601 0.7399 0.999 0.999 NA
"38" 0.0589868124887793 0.198914108276367 0.0173388636938289 0.644047743305019 0.0038444 NA 0.0601419197206422 0.238523695012454 0.00710641025118235 0.217760292633708 0.211977426660857 0.103 0.897 0.991 0.999 NA
"39" 0.257536475511108 NA 0.112588010644414 0.516337126233257 0.0206558 NA 0.0542683734110244 0.221896695760247 0.0122367764431851 NA 0.548084187711588 0.4322 0.5678 0.765 0.866 0.131235247311228
"40" 0.0478735302053756 0.217667808532715 0.0911949685534591 0.45315736053339 NA 0.4390842 0.0118572557023917 0.327075471698113 0.137957190065293 NA 0.647798742138365 0.4513 0.5487 0.225 0.328 0.340818852287766
"41" 0.0370926480271327 NA 0.131158638488714 NA NA NA 0.0573258452296352 0.398045313194136 0.446476874931638 NA 0.206257536333058 0.4506 0.5494 0.458 0.618 0.22800493703427
"42" NA NA 0.0313182329458989 0.462666536440683 NA NA 0.0264108432786019 0.673024414988642 NA NA 0.115568690589092 0.5699 0.4302 0.287 0.285 0.167513520435026
"43" NA NA 0.0161054172767204 0.410658650003131 NA NA 0.0311523895662021 0.653997071742313 NA NA 0.311185944363104 0.342 0.658 0.15 0.2 0.496580664890286
"44" 0.0948981375862278 0.158385496139526 0.0150986931050023 0.602861875682289 0.0024177 0.9418625 0.125862034490789 0.527280216313655 0.54449426648442 0.277113723777449 0.404807570977918 0.2329 0.7671 0.811 0.852 0.388161664777038
"45" NA 0.189103202819824 0.349274583557227 NA NA NA NA 0.198817839871037 NA NA 0.714669532509404 0.7159 0.2841 0.358 0.483 NA
"46" 0.001 NA 0.136476426799007 0.706126573076689 NA NA NA 0.223076923076923 0.001 NA 0.208436724565757 0.3381 0.6619 0.722 0.816 0.976853601940564
"47" 0.168302724152811 0.231095294952393 0.0454563258911085 0.729641642973089 NA NA 0.367526728421624 0.539757148452801 0.000550461294552441 0.293889483538669 0.35470035252644 0.2233 0.7768 0.945 0.952 0.478670339750495
"49" NA NA 0.296865987310133 NA 0.0042854 NA 0.0010364905179837 0.30763314747164 NA NA 0.603625264372236 0.2282 0.7718 0.932 0.944 NA
"53" 0.149043356933906 NA 0.407071622846781 0.59821335828774 0.0194865 NA 0.202081400402335 0.345421577515866 0.0294930637688671 0.33100953648113 0.546043258645253 0.2702 0.7298 0.991 0.991 NA
"54" 0.166611459277152 0.111387395858765 0.340240756663801 0.689112189685389 0.0287749 NA 0.117094046457141 0.327285755230725 0.0221306570865914 0.282368224952355 0.479363714531384 0.2449 0.7551 0.992 0.993 NA
"55" NA NA 0.000862812769628991 NA NA NA NA 0.00241587575496117 NA NA 0.734253666954271 0.2257 0.7743 0.474 0.598 NA
"56" NA NA 0.08 0.706713378855336 NA NA NA 0.577733333333333 NA NA 0.333333333333333 0.3018 0.6982 NA NA 0.63223432615454
"57" 0.159628968014638 NA 0.575457858123137 0.749725796198304 0.0301387 NA 0.0746766282796497 0.144858265108135 0.0482021641303922 0.407188145449989 0.622071837584591 0.1215 0.8785 0.996 0.996 NA
"58" 0.0383071371273795 NA 0.165597184847858 0.67851459812438 NA 0.9176376 0.0273457649394789 0.410474021941627 0.0048042283693337 0.158870200392916 0.486855723452701 0.2016 0.7984 0.84 0.862 0.415743413076393
"59" 0.00151223544674168 NA 0.031361092578916 0.508601510914715 NA NA 0.000422738730008787 0.00821247986241997 0.943258598704775 NA 0.173952583425318 0.287 0.713 0.876 0.898 0.0288251939372123
"65" 0.0716919766111896 0.120683097839355 0.0409768078595587 0.561395160550067 NA 0.9422264 0.070242325020394 0.50522950555645 0.376952903466132 NA 0.225547592204864 0.3602 0.6398 0.847 0.87 0.275126798097793
"66" 0.00783244918604674 NA 0.026822040283289 0.551775157782239 0.0072269 NA 0.0178617513971888 0.000733336681902657 0.184218709342853 NA 0.0376211763524034 0.5678 0.4322 0.947 0.968 0.143468679206339
"68" NA NA 0.0683168316831683 NA NA NA 0.000211211654953834 0.14950495049505 NA NA 0.751683168316832 NA NA 0.157 0.445 NA
"69" 0.0714609936902187 0.0959261035919189 0.245456908098599 0.740758215084777 0.0121961 0.9809372 0.226099499853791 0.368202754842966 0.0467499557450522 0.206520961028747 0.531336838527818 0.202 0.798 0.999 0.998 NA
"70" 0.113969724132762 0.142622604370117 0.152889832507667 0.703522982711709 0.0149502 NA 0.00898860249973456 0.526539278131635 0.102537716470656 0.0234266413453321 0.229841943854683 0.3253 0.6747 0.972 0.975 NA
"71" 0.0400331780154283 NA 0.15119 0.414611449053392 NA NA 0.0173818434925843 0.12499 4.46034713484175e-09 NA 0.3626 0.8008 0.1992 0.28 0.272 0.3331502456034
"74" 0.0872707485875355 0.12323450088501 0.0734081411036888 0.706042031999044 0.0290474 NA 0.217905714826591 0.731119813090263 0.0682203152141703 0.405797308971844 0.0746026522754944 0.1564 0.8436 0.976 0.994 NA
"75" 0.0229261018227399 NA 0.090311986863711 NA NA NA NA 0.556759715380405 6.11513111793425e-05 NA 0.232621784345922 0.459 0.541 0.911 0.934 0.209059063948998
"76" 0.268472469570315 NA 0.334816283966783 0.791674904031555 0.0223135 NA 0.500744086933953 0.310269067877865 0.0303785903510274 0.484257213079864 0.525360830014044 0.2025 0.7975 0.987 0.986 NA
"78" NA NA 0.0285714285714286 NA NA NA NA 0.918142857142857 NA 0.207522778407289 0.314285714285714 0.7752 0.2248 0.571 0.851 NA
"79" NA 0.113690299987793 0.0126130321729344 0.467723695348637 NA NA 0.013504886758504 0.892614584546125 NA NA 0.200256141576435 0.1263 0.8737 0.419 0.434 0.378076510449275
"80" 0.208121555995786 0.13659839630127 0.257657173562601 0.802230995975383 0.0170304 NA 0.112996082190574 0.129954945645435 0.0765493456569077 0.386157202861729 0.712272144835283 0.1717 0.8284 0.992 0.991 NA
"81" 0.0556707700095321 NA 0.065764858252986 0.653657686965096 0.0032046 0.9958619 0.16711500406727 0.406159159591308 0.0844623335738357 0.256899929661442 0.368024176140452 0.4617 0.5383 0.863 0.952 0.999
"82" NA 0.210173606872559 0.206557088863497 0.522427049808487 NA NA 0.0798804846808455 0.410345433769887 NA NA 0.689988573437637 0.4532 0.5468 0.149 0.202 0.562902181151333
"84" 0.00956637361951955 0.119895095825195 0.126159856747518 0.429132963737163 NA 0.3200386 NA 0.258993976884259 0.00353382610979752 NA 0.590102555754517 0.6235 0.3765 0.201 0.341 0.223170252429568
"85" NA NA 0.434782608695652 0.688215483759675 NA NA NA 0.482213438735178 NA NA 0.597826086956522 0.3978 0.6022 0.589 0.615 0.001
"86" NA NA 0.106685633001422 NA NA 0.4558116 NA 0.701280227596017 NA NA 0.579658605974395 0.4991 0.5009 0.208 0.335 0.299021529874094
"87" NA NA 0.0427807486631016 0.433393455134168 NA NA NA 0.559001782531194 NA NA 0.101247771836007 0.599 0.401 0.745 0.799 NA
"88" 0.109867954920028 NA 0.201706749418154 0.802083312455941 0.0095673 NA 0.0532426791942881 0.314507370054306 0.298503759745733 0.534082926521047 0.634212567882079 0.2167 0.7833 0.99 0.992 NA
"89" NA NA 0.0882352941176471 0.773918498822404 NA NA NA 0.499705882352941 NA NA 0.235294117647059 0.6438 0.3562 0.98 0.975 0.726320870658798
"91" 0.0501930041062366 0.219593906402588 0.0871407241508025 0.626042116618628 NA 0.812859 0.0476523065905516 0.330347144456887 0.0413752542224737 NA 0.354031354983203 0.4797 0.5203 0.639 0.775 0.324593125451814
"93" 0.000607176143878997 NA 0.0213360426720853 0.524470873849094 NA 0.8563973 NA 0.839522479044958 2.19624553928102e-05 NA 0.0853441706883414 0.7134 0.2866 0.837 0.879 0.516420461689168
"96" NA NA 0.091160961658772 0.582983737857753 NA 0.8719753 0.0481809722135851 0.410403074448119 NA 0.221189268517812 0.289123246045223 0.4469 0.5532 0.826 0.867 0.404050031681437
"98" 0.0898048130569844 NA 0.145318084345961 0.695478677855505 0.0085439 NA 0.106944154538155 0.343459614010007 0.10887645314533 NA 0.269621157969979 0.4072 0.5928 0.97 0.978 NA
"99" NA NA 0.388243831640058 NA NA NA 0.00186376817806066 0.0351959361393324 NA NA 0.667634252539913 0.4021 0.5979 0.276 0.336 0.234522252391195
"100" NA 0.0941304969787598 0.486468573953386 0.650941956415112 0.0137762 NA 0.19057685692772 0.228543024411797 NA 0.432876108282205 0.59052247873633 0.2833 0.7167 0.98 0.978 NA
"105" 0.0662895717822522 0.1767214012146 0.129721733082354 0.436605145667664 NA 0.9511622 0.0823127448587332 0.502381911822342 0.232148038506103 0.144945477019413 0.314644203646561 0.4553 0.5447 0.608 0.723 0.369993579962035
"108" 0.0751775804690333 NA 0.525899791133429 0.538023124508484 0.006274 NA 0.0301917170539718 0.237731191077597 0.120734470482309 NA 0.604064994164517 0.6686 0.3314 0.396 0.626 0.233987886663976
"110" 0.267646748269104 NA 0.153578168094063 0.575060113044896 NA NA 0.0403540674869884 0.109452750762084 0.00689221812901783 0.277213290162566 0.648279866453767 0.3647 0.6354 0.905 0.891 NA
"111" NA 0.196648597717285 0.0901728922615978 NA NA 0.8470524 0.0100742301639522 0.0656449077826076 NA NA 0.282136103538888 0.2612 0.7388 0.9 0.928 0.0157721411002396
"112" NA NA 0.115905323263953 NA 0.0003724 NA 0.0050942015821317 0.0189952109044023 0.999701677476767 NA 0.213414072573218 0.3041 0.6959 0.856 0.864 NA
"113" 0.19901612746053 NA 0.0120897755610973 NA 0.0221493 NA 0.889955258617059 0.00490773067331671 0.0161103715205781 0.307685275352283 0.186753117206983 0.0577 0.9423 0.988 0.987 NA
"114" 0.196631932205125 0.142821702957153 0.138863216266174 NA 0.0426632 NA 0.0517285045065369 0.0762476894639556 0.00794402146273399 0.368099582496057 0.248475046210721 0.0779 0.9221 0.999 0.999 NA
"115" NA 0.0800615978240967 0.228734616169171 0.738252717774582 0.0133488 NA 0.0931497212122937 0.316073978377643 NA 0.427393426307284 0.44747399197661 0.3088 0.6912 0.995 0.995 NA
"116" 0.000855976057370244 0.217974891662598 0.110803324099723 0.691102792540157 NA NA 0.00780815786934492 0.309510618651893 0.160769527453482 0.300086727811357 0.409972299168975 0.4497 0.5503 0.818 0.799 0.999
"117" 0.0181774298515101 NA 0.0267515206127506 0.667626429625073 NA NA 0.0192248516159856 0.0109822031989187 0.00120957592348965 0.264478148591993 0.119846812345123 0.161 0.8391 0.986 0.986 0.695083827856729
"118" 0.167820615846339 0.0928670024871826 0.115838270792188 NA 0.0328363 NA 0.0279151506935062 0.684606100504718 0.0177147496164696 0.172445816115196 0.123957647575159 0.0607 0.9393 0.999 0.999 NA
"119" 0.411905083627696 NA 0.108882468422417 0.616518693172759 0.0016944 NA 0.00928455747857578 0.0122569174352706 0.680182612212361 0.15487142712709 0.80376338111642 0.4677 0.5323 0.975 0.97 0.892633701935375
"120" NA 0.170810298919678 0.101908142109147 0.453569920928025 NA 0.7873304 0.159857975869643 0.0775380398495976 NA 0.217815262215541 0.485469304564782 0.7395 0.2606 0.301 0.312 0.304159855037757
"121" 0.118620410074957 0.161117706298828 0.0667674661105318 0.559215225517803 0.0012086 NA 0.30131806299069 0.0332116788321168 0.0969777076878407 0.219451396480378 0.550422314911366 0.6415 0.3585 0.933 0.891 0.999
"122" 0.00759983540556877 0.0909352970123291 0.215273056877408 0.416028794931251 0.0011827 NA 0.0250557641136372 0.535746657602538 2.95169431172446e-07 0.115969699894231 0.309030138227963 0.7906 0.2095 0.424 0.881 0.546165629207725
"123" NA NA 0.0246913580246914 NA NA NA NA 0.15 NA 0.729355252903866 0.419753086419753 0.5555 0.4445 0.397 0.512 NA
"124" NA NA 0.192307692307692 0.714367118119698 NA NA NA 0.423076923076923 NA NA 0.230769230769231 0.6785 0.3215 NA NA NA
"125" 0.268398930790793 NA 0.151415675010259 0.592444429459135 0.0422816 NA 0.154895970288363 0.634386540828888 0.0616776481443456 0.248995320496337 0.179349610176446 0.1741 0.8259 0.999 0.999 NA
"126" 0.0271709249328339 NA 0.005331088664422 NA NA NA 0.001 0.00350729517396184 0.891114849897646 0.522395453883141 0.0853535353535353 0.0164 0.9836 0.999 0.999 NA
"128" NA 0.121898803710938 0.0660745233968804 0.480152137798374 NA NA NA 0.812886048526863 NA 0.148924102992725 0.102642980935875 0.6035 0.3965 0.709 0.945 0.996184873683354
"129" NA NA 0.129032258064516 0.807555149295928 NA NA 0.0054494247451337 0.134213098729228 NA 0.2428091274205 0.643206256109482 0.1209 0.8791 0.807 0.807 0.647494702999917
"130" NA NA 0.0519102990033223 0.528 NA NA NA 0.433866279069767 NA NA 0.28031561461794 0.499 0.501 0.169 0.28 0.47170671178793
"131" NA NA 0.00977528217602328 NA NA NA 0.001 0.00123327687918433 NA NA 0.0872387101174171 0.2125 0.7875 0.966 0.968 NA
"132" NA 0.153015203475952 0.0491803278688525 NA NA NA NA 0.332786885245902 NA NA 0.173770491803279 0.8146 0.1854 0.905 0.847 0.374316828247324
"136" NA NA 0.145 NA NA NA NA 0.43125 NA NA 0.3325 0.8572 0.1428 NA NA NA
"137" 0.00836279814206368 0.107820100784302 0.207303460373146 0.621937508761833 NA NA 0.0388920548117089 0.330090894594164 0.0181561623291293 0.180481034141265 0.436931908786477 0.8159 0.1841 0.951 0.881 0.545818942378337
"140" NA NA 0.0896903820816864 NA 0.0005284 0.766352 NA 0.0161396574440053 NA NA 0.750098814229249 0.7216 0.2784 0.303 0.373 NA
"142" 0.11852773928224 NA 0.3751316839585 0.680150425579853 0.0104246 NA 0.0139148418932893 0.347964884277733 0.164573269076869 0.0960492148480352 0.471252992817239 0.3349 0.6651 0.924 0.972 NA
"143" 0.06823001117601 0.0962924957275391 0.241737451737452 0.874375332918583 0.0128773 NA 0.00717717012788174 0.334749034749035 0.00492039161042442 0.382656303427 0.505752895752896 0.0957 0.9043 0.976 0.975 NA
"144" NA 0.139645500183105 0.194435509810228 0.749173489654812 0.006255 NA 0.0423049797115354 0.53972338372467 NA 0.424412610943239 0.30106143454487 0.3264 0.6736 0.878 0.908 NA
"147" 0.0353681437301607 NA 0.182164463365449 0.573937796975083 NA NA 0.0161339479187778 0.126193143625364 0.0148449688318015 NA 0.685447008738517 0.3932 0.6069 0.767 0.841 0.436261905508237
"148" NA 0.0500886011123657 NA NA NA NA NA NA NA NA NA 0.001 0.999 0.999 0.999 NA
"149" 0.039889272816873 0.18765100479126 0.55278369333739 0.713858888846911 0.0036967 NA 0.00830948830647152 0.12442957103742 0.00132809478531018 0.33918556171112 0.747794341344691 0.5491 0.4509 0.764 0.878 0.911006947941814
"150" 0.00186266127581626 NA 0.0601581299415607 0.564880029079496 NA NA NA 0.214386387074596 0.0303892256285304 NA 0.711842557579924 0.6426 0.3574 0.12 0.18 0.310850062560672
"151" NA 0.101389102935791 0.13 0.730340110109785 NA 0.9861012 NA 0.0333333333333333 NA NA 0.263333333333333 0.5346 0.4654 0.979 0.975 0.335123261994739
"153" 0.146869368099466 0.190701808929443 0.118280254121762 0.634649550685548 0.0055238 0.9455588 0.051776677965063 0.339720671827979 0.0606732741555305 NA 0.548908150929808 0.2048 0.7952 0.852 0.88 0.37536919138621
"154" NA NA 0.111111111111111 NA NA NA NA 0.702222222222222 NA NA 0.638888888888889 0.2706 0.7294 0.769 0.845 NA
"156" 0.0298731233436952 NA 0.164155432196669 0.604039560097929 0.0044329 NA 0.0456298335274528 0.395717684377478 0.0117052853313547 NA 0.500793021411578 0.428 0.572 0.909 0.972 0.705507029565103
"157" NA 0.182242603302002 0.0525409977134708 0.402272963945287 NA NA NA 0.0386415230414935 0.001 0.126164179838699 0.337660528278383 0.5932 0.4068 0.247 0.375 0.288714160878549
"158" 0.31903115900356 NA 0.2803125 0.842593206296288 0.0076923 NA 0.0130449890010812 0.0109375 0.123162752739912 0.384789475825231 0.3196875 0.0447 0.9553 0.999 0.999 NA
"159" NA NA 0.165201812947878 0.423 NA NA 0.0393233431330869 0.444677528021069 NA NA 0.193620995896368 0.6535 0.3465 0.796 0.843 NA
"161" NA NA 0.0064907063197026 0.69299999035344 0.0038019 NA 0.157522989875673 0.614869888475836 NA NA 0.171241635687732 0.3578 0.6422 0.959 0.98 0.650791580367528
"162" 0.0403112124429817 NA 0.00365096938644146 0.514367030388919 0.0015501 NA 0.00272009058534228 0.0808002265763794 0.226972300135775 NA 0.72695293390664 0.2718 0.7282 0.597 0.664 0.999
"163" NA NA 0.0217391304347826 NA NA NA NA 0.641304347826087 NA NA 0.0652173913043478 0.1079 0.8921 0.797 0.797 NA
"164" 0.11612054319666 NA 0.0718482158752766 0.535861188743138 0.0033732 NA 0.119547403439507 0.482463948727078 0.303796249999565 NA 0.635189094330985 0.6749 0.3251 0.205 0.424 0.695036527886813
"165" NA NA 0.00436596487823809 0.426 NA NA NA 0.00217813136703211 NA NA 0.385281847288251 0.3955 0.6045 0.4 0.575 NA
"166" 0.000596262204947342 0.20905179977417 0.369458128078818 NA NA 0.9247476 0.00730254097600308 0.190147783251232 2.19265774766184e-05 NA 0.423645320197044 0.6045 0.3955 0.931 0.939 0.999
"167" 0.0215684896940394 0.163340301513672 0.403054730589733 0.557853651123467 NA 0.6514537 NA 0.333792957148918 0.000202459803518657 0.186729778877219 0.614128128977514 0.8355 0.1645 0.41 0.473 0.273315888825819
"168" 0.428009454401724 0.197043704986572 0.0290366763049764 0.556760133530288 0.0129813 NA 0.0130529798209732 0.675544057221123 0.160936100084121 0.186040683274366 0.238593821336174 0.2463 0.7537 0.96 0.961 0.663082288332409
"170" NA NA 0.00971711061715799 NA NA NA 0.0716747250361754 0.0840408604501452 NA 0.375054048169866 0.471389182426605 0.5238 0.4763 0.344 0.545 NA
"171" 0.0502825609697115 NA 0.00341356673960613 NA NA NA NA 0.458971553610503 0.000132007116990045 NA 0.100787746170678 0.2926 0.7074 0.999 0.999 NA
"172" 0.142426656383989 0.216615009307861 0.125523012552301 NA NA NA 0.000119184142965537 0.00901555222230994 0.198306814480433 NA 0.353532801768375 0.8099 0.1901 0.109 0.379 0.408491637093617
"173" NA NA 0.373310495514784 0.603599705329006 NA NA 0.00341297141149836 0.0767811851510261 NA NA 0.777364208307256 0.514 0.486 0.29 0.328 0.0623640653783836
"174" 0.00488474132371583 NA 0.124979225527672 0.559188991838527 0.0010795 NA 0.184524679002459 0.258766827322586 0.00296577613994904 0.159357867358802 0.420890809373442 0.4089 0.5911 0.679 0.765 0.849308373351548
"175" NA 0.119731702804565 0.310181062629861 0.785042113506689 0.0201329 NA 0.0235380149184938 0.111605817750074 NA 0.40974619049238 0.545888987830217 0.0897 0.9103 0.977 0.975 NA
"176" 0.205199173296971 NA 0.0220810688715794 0.658185837892283 0.0193301 NA 0.413184000543237 0.331613026872373 0.577284872857966 0.387920446084968 0.0270147435283166 0.1927 0.8073 0.981 0.98 NA
"177" 0.00622566089301537 0.182812900543213 0.147450296477154 0.524347900409101 NA NA 0.0279268193053796 0.25364492500872 2.11759790980908e-06 0.159899512144417 0.287478200209278 0.8101 0.19 0.458 0.56 0.195838370956225
"178" NA NA NA NA NA NA NA 0.001 NA NA 0.2 0.001 0.999 0.656 0.656 NA
"179" 0.0961708408239113 0.180480403900146 0.0224070487258365 NA NA NA 0.345080074418348 0.385553150279139 0.0191804165701255 0.321030366824889 0.422163989214234 0.1368 0.8632 NA NA NA
"181" 0.0412576562741656 NA 0.00122778675282714 0.504976928535305 0.0024647 0.919812 0.001 6.46203554119548e-05 0.6200364308441 NA 0.0474571890145396 0.2191 0.7809 0.967 0.973 NA
"183" 0.0155734397822201 0.113006601333618 0.394873391448734 0.556036208590038 0.0024554 0.5697715 0.0452060379767721 0.0190950601909506 0.0121089637256925 NA 0.470267745952677 0.6078 0.3922 0.635 0.831 0.228548847361704
"184" 4.67015970086288e-06 NA 0.0757331181059995 0.691584195814762 NA NA 0.105149672114921 0.621065375302664 0.00103034452300062 NA 0.303605057842346 0.3311 0.669 0.75 0.835 0.999
"185" 0.047377212536867 0.162198905944824 0.032434375 NA 0.0011729 0.9370795 0.0820909516934598 0.5779140625 0.0874097114885501 0.206483584013878 0.1900828125 0.2108 0.7892 0.762 0.825 0.35591914505311
"186" 0.530641173951483 NA 0.187476942683704 0.595181163496511 NA NA 0.202669497441412 0.269644833484254 0.013012920932518 0.141060815046553 0.417211657779119 0.5571 0.4429 0.739 0.779 0.220188941710805
"187" 0.406710076790732 NA 0.0217391304347826 NA NA NA NA 0.876086956521739 NA NA 0.108695652173913 0.1236 0.8764 0.999 0.999 NA
"188" NA NA 0.00662456388287771 NA NA NA NA 0.74104579781831 NA NA 0.0262774367354149 0.8696 0.1304 0.189 0.564 NA
"189" 0.0877709831877351 0.116497898101807 0.356902576831379 0.642486416968088 0.0100337 NA 0.00942257239259764 0.308142003331265 0.0325039841547711 0.342119666251881 0.471080048336001 0.3947 0.6053 0.972 0.975 NA
"192" NA NA 0.195166514409102 NA NA NA 0.0938615471657213 0.417822439996678 NA NA 0.218420396976995 0.3895 0.6105 0.819 0.879 NA
"193" NA 0.0988801002502441 0.124120954096392 0.753300955398676 0.0127885 NA 0.12757550508263 0.347360951913105 NA 0.444913936673127 0.404082746574969 0.3598 0.6402 0.997 0.996 NA
"194" 0.0568059270088295 NA 0.120815504656431 0.497352656374631 0.0012931 0.9461672 0.919848566792861 0.385678328718852 0.252043589631887 0.214612947367705 0.550843191542915 0.4008 0.5992 0.886 0.955 0.619656107390631
"199" 0.0340750750649916 0.127431497573853 0.0112833763996555 0.476336340015784 NA 0.9774669 0.001 0.001 0.827669232542391 NA 0.0565030146425495 0.0068 0.9932 0.98 0.98 NA
"200" 0.07501692835836 0.0923571968078613 0.381519471488178 0.632841620495737 0.0048765 NA 0.169184932138426 0.298200625869263 0.0442734035577869 0.327439763623454 0.601095271210014 0.4525 0.5475 0.791 0.922 0.552066234375975
"201" 0.137603204135581 NA 0.0751803122330457 0.628381254645143 0.0113202 NA 0.0881625948571043 0.497610654538993 0.62996297173707 0.306653172315112 0.132944707993652 0.259 0.741 0.722 0.77 0.362585699300654
"202" 0.129835642932798 NA 0.465950547223348 0.508466376390905 NA NA NA 0.194568301580867 0.00149817292056213 0.163632791028221 0.733481961897041 0.7023 0.2978 0.616 0.585 0.283540866369483
"204" 0.00774160544347395 NA 0.0162907209876773 0.540309915323073 NA NA 4.02800456119996e-07 0.00454484134921779 0.783958410933929 NA 0.807777865645744 0.1667 0.8333 0.999 0.999 NA
"205" NA NA 0.0834308080808081 0.579279397051493 NA NA 0.0511438539742145 0.0808499158249158 NA NA 0.286978787878788 0.6599 0.3401 NA NA 0.26017974394063
"206" 0.0361789064121418 0.247624702453613 0.166207863709552 0.579740123304979 NA NA 0.00710557932756994 0.429699267646601 0.15389222972365 0.234692731002403 0.460603542305095 0.5594 0.4407 0.476 0.654 0.434817521424513
"207" 0.492754256751254 NA 0.0078984485190409 0.737825157892707 NA 0.9671666 0.000110512793640631 0.230606488011284 0.12600875689236 0.165244454376733 0.00930888575458392 0.001 0.999 0.999 0.999 NA
"208" 0.0279939518069534 NA 0.00714540907466953 NA NA NA NA 0.780635941407646 4.62435648713893e-06 0.355296795711339 0.0385852090032154 0.7722 0.2278 0.298 0.814 0.179797371477214
"209" 0.00414848243018276 0.15091739654541 0.219451371571072 0.326559733583811 NA NA NA 0.421723469105015 0.001 NA 0.547104461069548 0.5968 0.4032 0.133 0.228 0.313941216352754
"210" 0.0438507397961812 0.161105804443359 0.361969111969112 0.624513103764545 0.001302 NA 0.365758751992807 0.127895752895753 0.0192215376617103 0.204792179932941 0.773166023166023 0.3281 0.6719 0.75 0.824 0.606236449494398
"211" NA NA 0.166666666666667 NA NA NA NA 0.001 NA NA 0.166666666666667 0.0578 0.9422 NA NA NA
"212" NA NA 0.0175343513884018 NA NA NA NA 0.101428252622183 NA NA 0.703366595466573 0.5997 0.4003 NA NA 0.527095698140722
"213" NA 0.0910161018371582 0.297930482506289 NA 0.008661 NA 0.0718304878141678 0.310999313972102 NA NA 0.400914703864624 0.4433 0.5567 0.964 0.982 0.888352765133595
"215" NA 0.043119101524353 NA NA NA NA 0.00024563287596111 NA NA NA NA 0.8097 0.1903 0.067 0.164 NA
"218" 0.422570804260395 0.123226003646851 0.090625 NA NA NA NA 0.558333333333333 NA NA 0.507291666666667 0.3435 0.6565 0.347 0.408 NA
"219" NA NA 0.00416666666666667 0.589736319818543 NA NA 0.169355609975221 0.982820512820513 NA NA 0.00565384615384615 0.3399 0.6602 0.792 0.884 NA
"220" 0.102880692982655 0.10160120010376 0.289980451690721 0.613793116119326 0.0117845 NA 0.282709191415735 0.403443829804933 0.0356891876033872 0.413735901996208 0.400241234454935 0.4653 0.5347 0.988 0.994 NA
"221" 0.0642065678189759 NA 0.091454816285998 0.6538197249626 0.0221174 NA 0.337058863902495 0.619662363455809 0.0535980387839038 0.421156231022902 0.305357497517378 0.5037 0.4963 0.991 0.991 NA
"222" 0.142565337852216 0.149390897750854 0.0635388279197663 0.726761617250897 0.0326285 NA 0.485356288986907 0.689229333922565 0.0615795800719861 0.320590045258392 0.0744568019444649 0.1404 0.8596 0.993 0.993 NA
"223" 0.001 0.249452209472656 0.101744186046512 NA NA NA NA 0.340697674418605 NA NA 0.71046511627907 0.7869 0.2132 0.575 0.631 0.100872861075729
"225" 0.0720551073748943 NA 0.00173913043478261 NA NA NA NA 0.884130434782609 2.20583777300364e-05 0.278909315909328 0.0321739130434783 0.4579 0.5421 0.984 0.984 NA
"226" NA NA 0.253880084953439 NA NA NA 0.0238835416292908 0.0267385503458041 NA NA 0.758100528236127 0.4194 0.5806 0.957 0.962 NA
"228" NA NA 0.0389135959339263 0.351208846813479 NA NA NA 0.0387150571791614 NA NA 0.396561308767471 0.7738 0.2262 0.121 0.314 0.153113823794492
"231" 0.00411100119601573 0.190144100189209 0.487221915793344 0.417782853256878 NA NA 0.00312608008035722 0.0345651774223203 0.0153446960576134 0.259604993671408 0.702334988049274 0.5954 0.4046 0.116 0.247 0.291229813332485
"232" 0.214417231932853 NA 0.329033647164752 0.558408208778071 0.006272 NA 0.00462050006138132 0.320988862573157 0.0356910457019258 0.188542280422901 0.432774178394566 0.4846 0.5154 0.93 0.899 0.351550345617516
"233" NA NA 0.0525989653135042 NA 0.001089 NA 0.490597534248236 0.0296859913824161 NA NA 0.341893274537778 0.7311 0.2689 0.95 0.938 0.543721982353307
"234" NA NA 0.0412827442385036 NA NA NA 0.001 0.0878215904496414 NA NA 0.720064690485817 0.496 0.504 NA NA 0.0112965462250326
"236" NA 0.0800384998321533 0.104236718224613 NA NA NA NA 0.46133154001345 NA 0.808332020548254 0.255548083389375 0.666 0.334 0.406 0.69 NA
"238" NA NA 0.25 NA NA NA NA 0.125 NA NA 0.458333333333333 0.762 0.238 0.91 0.976 NA
"241" NA NA 0.0487329434697856 0.639025212097614 NA NA 0.001 0.457076023391813 NA NA 0.105263157894737 0.9165 0.0835 0.915 0.915 NA
"242" 0.0632742148072781 NA 0.186663233779609 NA 0.0063168 0.7903643 0.00893521640021797 0.0670056642636457 0.0721191047436835 NA 0.64836508753862 0.3295 0.6705 0.916 0.974 0.655661095805155
"243" 0.0215970339609467 NA 0.269038369086444 0.607189852654276 NA 0.9543963 0.0712045754406658 0.152215999896054 0.0308332942358576 0.302253602556508 0.50103296389174 0.2611 0.7389 0.949 0.983 0.561487783204814
"244" NA NA NA NA NA NA NA 0.333333333333333 NA NA 0.6 0.3938 0.6062 NA 0.863 NA
"245" 0.00759900484896967 0.172971000671387 0.15240460600587 0.417506265590325 NA NA 0.00903153818384694 0.519981937231881 0.0290635072872368 0.154405111410796 0.447617972454279 0.6768 0.3232 0.156 0.313 0.340985283860311
"246" 0.0182776968950781 0.117049102783203 0.344105326152005 0.558353183398792 NA NA NA 0.103580690205466 0.0108156464362864 0.108961829142607 0.718880909634949 0.8356 0.1644 0.191 0.285 0.224392737958431
"247" 0.0726841625752164 0.131213502883911 0.5615667454988 0.591664484797611 0.0061742 NA 0.227608686451169 0.166704068773844 0.0106961484523227 0.373687532184352 0.712458354192201 0.3009 0.6992 0.959 0.974 0.999
"249" 0.138463485223147 NA 0.137732830533653 0.644140297547251 NA 0.9843593 0.1894417014812 0.105416523825848 0.00298597959765499 0.216635043745127 0.825597074620043 0.0454 0.9546 0.964 0.966 NA
"250" 0.189915245249453 0.145481996536255 0.169014530873186 NA 0.0279385 NA 0.121103409781656 0.338997225447175 0.0817133468780365 0.227559743916941 0.446251172461743 0.1821 0.8179 0.999 0.999 NA
"251" NA NA 0.103432063939821 0.495424545622794 0.0021354 0.9998055 NA 0.0756911142454161 NA NA 0.629290079924777 0.6352 0.3648 0.999 0.999 0.218336973223931
"252" 0.0833250780782612 NA 0.128205128205128 0.7493051234801 NA NA NA 0.692307692307692 0.000101611942313956 NA 0.256410256410256 0.491 0.509 NA NA 0.4521154123778
"253" NA NA 0.0306105096082988 NA NA NA NA 0.529255711127487 NA NA 0.244884076866391 0.1096 0.8904 0.944 0.975 NA
"256" NA NA 0.206711387751153 0.454923914285905 NA NA NA 0.476440803689489 NA NA 0.350685329119231 0.6576 0.3424 0.78 0.944 0.425465185085741
"257" NA 0.215984306335449 0.0164068908941756 NA NA NA NA 0.360951599671862 NA NA 0.153404429860541 0.7356 0.2644 0.579 0.651 NA
"259" 0.00371489013602334 NA 0.0282685512367491 NA NA NA NA 0.604240282685512 0.252875140647282 0.270248322752468 0.123674911660777 0.8105 0.1896 0.915 0.933 0.594780321045275
"260" NA NA NA 0.654999791414626 NA NA 0.00601530972330299 NA NA NA NA NA NA NA NA 0.333466762603242
"261" 0.0469585328121786 NA 0.02363770668788 0.42156266185734 NA NA 0.001 0.0103983180862549 0.00192008723045263 NA 0.44597230903271 0.6481 0.3519 NA NA NA
"262" 0.0588097092968932 0.191303405761719 0.103042643167448 0.686109365244107 NA 0.941399 0.0269905634490842 0.0761773652408313 0.11883851461225 0.355651029035802 0.79830020855831 0.3471 0.653 0.664 0.696 0.452191726956703
"263" 0.0526812602273563 NA 0.0511171794078478 NA NA NA NA 0.654232636973863 0.0164272294008026 NA 0.320639233780384 0.5862 0.4138 0.439 0.556 0.436319109419822
"264" 0.0289365117262129 0.300076198577881 0.103399250355435 0.644528118177263 NA 0.8869342 NA 0.363500064624532 0.0200354489344359 NA 0.418766963939511 0.6772 0.3228 0.368 0.493 0.664271717396328
